15 15 1636982316
21 17 1636982316
37 18 1636982316
49 19 1636982316
112 20 1636982316
129 23 1636982316
132 24 1636982316
142 25 1636982316
15 14.8442 1636982346
21 17.1195 1636982346
37 17.9043 1636982346
49 18.9025 1636982346
112 20.006 1636982346
129 22.9893 1636982346
132 23.8689 1636982346
142 25.1467 1636982346
15 14.8323 1636982376
21 17.028 1636982376
37 17.8735 1636982376
49 18.7418 1636982376
112 20.2312 1636982376
129 23.1224 1636982376
132 23.9317 1636982376
142 25.3297 1636982376
15 14.732 1636982406
21 17.1224 1636982406
37 18.0889 1636982406
49 18.8731 1636982406
112 20.1266 1636982406
129 22.9361 1636982406
132 23.9256 1636982406
142 25.1568 1636982406
15 14.9362 1636982436
21 17.1853 1636982436
37 18.193 1636982436
49 18.8718 1636982436
112 20.0146 1636982436
129 23.0377 1636982436
132 23.8904 1636982436
142 25.3764 1636982436
15 14.6941 1636982466
21 17.41 1636982466
37 18.261 1636982466
49 18.9488 1636982466
112 20.0852 1636982466
129 23.0296 1636982466
132 23.9974 1636982466
142 25.5164 1636982466
15 14.7101 1636982496
21 17.6209 1636982496
37 18.3437 1636982496
49 19.0428 1636982496
112 20.2354 1636982496
129 22.8644 1636982496
132 23.9944 1636982496
142 25.3019 1636982496
15 14.9116 1636982526
21 17.4924 1636982526
37 18.1879 1636982526
49 18.9232 1636982526
112 20.082 1636982526
129 22.7761 1636982526
132 24.0746 1636982526
142 25.4691 1636982526
15 14.7288 1636982556
21 17.5535 1636982556
37 18.1282 1636982556
49 19.111 1636982556
112 20.0945 1636982556
129 22.7993 1636982556
132 24.2061 1636982556
142 25.6133 1636982556
15 14.7853 1636982586
21 17.6152 1636982586
37 18.3617 1636982586
49 19.2483 1636982586
112 19.9601 1636982586
129 22.8836 1636982586
132 24.1197 1636982586
142 25.66 1636982586
15 14.6617 1636982616
21 17.6173 1636982616
37 18.1877 1636982616
49 19.0043 1636982616
112 19.9614 1636982616
129 23.1199 1636982616
132 24.3161 1636982616
142 25.4407 1636982616
15 14.581 1636982646
21 17.4008 1636982646
37 18.1495 1636982646
49 18.9345 1636982646
112 19.7713 1636982646
129 23.0106 1636982646
132 24.2055 1636982646
142 25.1995 1636982646
15 14.6629 1636982676
21 17.2069 1636982676
37 18.1782 1636982676
49 18.7062 1636982676
112 19.6008 1636982676
129 22.9324 1636982676
132 24.4023 1636982676
142 25.1848 1636982676
15 14.5248 1636982706
21 17.4353 1636982706
37 18.1459 1636982706
49 18.5079 1636982706
112 19.5314 1636982706
129 22.8398 1636982706
132 24.3546 1636982706
142 25.2855 1636982706
15 14.6532 1636982736
21 17.4896 1636982736
37 18.0048 1636982736
49 18.5527 1636982736
112 19.5719 1636982736
129 22.7391 1636982736
132 24.4553 1636982736
142 25.49 1636982736
15 14.8544 1636982766
21 17.5498 1636982766
37 17.7563 1636982766
49 18.6308 1636982766
112 19.4565 1636982766
129 22.9129 1636982766
132 24.6556 1636982766
142 25.2796 1636982766
15 14.9017 1636982796
21 17.4746 1636982796
37 17.6857 1636982796
49 18.4184 1636982796
112 19.4 1636982796
129 22.6846 1636982796
132 24.4417 1636982796
142 25.4405 1636982796
15 14.9476 1636982826
21 17.3887 1636982826
37 17.4387 1636982826
49 18.4943 1636982826
112 19.3998 1636982826
129 22.5713 1636982826
132 24.4362 1636982826
142 25.1978 1636982826
15 15.0523 1636982856
21 17.5008 1636982856
37 17.4384 1636982856
49 18.4957 1636982856
112 19.1707 1636982856
129 22.377 1636982856
132 24.4101 1636982856
142 25.0679 1636982856
15 15.0107 1636982886
21 17.4593 1636982886
37 17.673 1636982886
49 18.3448 1636982886
112 19.3851 1636982886
129 22.5094 1636982886
132 24.235 1636982886
142 24.8941 1636982886
15 15.229 1636982916
21 17.2285 1636982916
37 17.8473 1636982916
49 18.2513 1636982916
112 19.4996 1636982916
129 22.4603 1636982916
132 24.3253 1636982916
142 24.6998 1636982916
15 15.4249 1636982946
21 17.2016 1636982946
37 17.623 1636982946
49 18.0135 1636982946
112 19.5555 1636982946
129 22.3558 1636982946
132 24.5154 1636982946
142 24.7817 1636982946
15 15.5938 1636982976
21 17.193 1636982976
37 17.4961 1636982976
49 17.7719 1636982976
112 19.3778 1636982976
129 22.1574 1636982976
132 24.6505 1636982976
142 24.8703 1636982976
15 15.7105 1636983006
21 17.2167 1636983006
37 17.5995 1636983006
49 17.566 1636983006
112 19.5349 1636983006
129 22.3595 1636983006
132 24.5268 1636983006
142 24.7516 1636983006
15 15.7158 1636983036
21 17.2002 1636983036
37 17.7129 1636983036
49 17.5913 1636983036
112 19.6983 1636983036
129 22.2799 1636983036
132 24.7761 1636983036
142 24.9559 1636983036
15 15.6816 1636983066
21 17.1391 1636983066
37 17.8294 1636983066
49 17.7011 1636983066
112 19.6251 1636983066
129 22.1672 1636983066
132 24.9218 1636983066
142 25.0166 1636983066
15 15.8519 1636983096
21 17.3176 1636983096
37 17.5988 1636983096
49 17.7176 1636983096
112 19.8151 1636983096
129 22.2421 1636983096
132 24.7293 1636983096
142 24.8907 1636983096
15 15.7302 1636983126
21 17.2353 1636983126
37 17.678 1636983126
49 17.7726 1636983126
112 19.9342 1636983126
129 22.3372 1636983126
132 24.6975 1636983126
142 24.923 1636983126
15 15.7261 1636983156
21 17.4347 1636983156
37 17.7792 1636983156
49 17.9617 1636983156
112 19.7912 1636983156
129 22.399 1636983156
132 24.6774 1636983156
142 24.7557 1636983156
15 15.7872 1636983186
21 17.6611 1636983186
37 17.8683 1636983186
49 17.8201 1636983186
112 19.9634 1636983186
129 22.6487 1636983186
132 24.735 1636983186
142 24.8419 1636983186
15 15.6325 1636983216
21 17.844 1636983216
37 17.8362 1636983216
49 17.7941 1636983216
112 20.0405 1636983216
129 22.5636 1636983216
132 24.5725 1636983216
142 24.7294 1636983216
15 15.8761 1636983246
21 17.9036 1636983246
37 17.8831 1636983246
49 17.7433 1636983246
112 19.8477 1636983246
129 22.4214 1636983246
132 24.6681 1636983246
142 24.5645 1636983246
15 15.6757 1636983276
21 18.0107 1636983276
37 17.6515 1636983276
49 17.8362 1636983276
112 19.8686 1636983276
129 22.3445 1636983276
132 24.8657 1636983276
142 24.3291 1636983276
15 15.7843 1636983306
21 17.7863 1636983306
37 17.6336 1636983306
49 17.7604 1636983306
112 19.88 1636983306
129 22.4732 1636983306
132 25.0193 1636983306
142 24.195 1636983306
15 15.7014 1636983336
21 17.6768 1636983336
37 17.4057 1636983336
49 17.7242 1636983336
112 19.9711 1636983336
129 22.4797 1636983336
132 25.0512 1636983336
142 24.06 1636983336
15 15.743 1636983366
21 17.509 1636983366
37 17.6195 1636983366
49 17.5443 1636983366
112 20.116 1636983366
129 22.504 1636983366
132 24.9996 1636983366
142 23.8502 1636983366
15 15.9568 1636983396
21 17.6638 1636983396
37 17.7534 1636983396
49 17.4576 1636983396
112 20.2466 1636983396
129 22.6269 1636983396
132 24.8826 1636983396
142 24.0363 1636983396
15 16.1187 1636983426
21 17.5458 1636983426
37 17.7018 1636983426
49 17.4361 1636983426
112 20.2894 1636983426
129 22.6004 1636983426
132 25.0724 1636983426
142 24.0413 1636983426
15 16.2599 1636983456
21 17.7157 1636983456
37 17.7103 1636983456
49 17.4795 1636983456
112 20.3321 1636983456
129 22.6073 1636983456
132 24.9373 1636983456
142 23.8244 1636983456
15 16.482 1636983486
21 17.8179 1636983486
37 17.7546 1636983486
49 17.3855 1636983486
112 20.4386 1636983486
129 22.7227 1636983486
132 24.8428 1636983486
142 23.93 1636983486
15 16.4444 1636983516
21 17.9411 1636983516
37 17.5578 1636983516
49 17.6068 1636983516
112 20.571 1636983516
129 22.8845 1636983516
132 24.784 1636983516
142 23.7034 1636983516
15 16.5352 1636983546
21 17.9105 1636983546
37 17.3546 1636983546
49 17.7759 1636983546
112 20.574 1636983546
129 22.9374 1636983546
132 24.5385 1636983546
142 23.7167 1636983546
15 16.5849 1636983576
21 17.8904 1636983576
37 17.5929 1636983576
49 17.5669 1636983576
112 20.6733 1636983576
129 23.0928 1636983576
132 24.3432 1636983576
142 23.7276 1636983576
15 16.74 1636983606
21 17.6954 1636983606
37 17.8131 1636983606
49 17.5431 1636983606
112 20.8893 1636983606
129 23.3268 1636983606
132 24.3039 1636983606
142 23.7366 1636983606
15 16.4975 1636983636
21 17.5244 1636983636
37 17.8177 1636983636
49 17.767 1636983636
112 21.1299 1636983636
129 23.2201 1636983636
132 24.1108 1636983636
142 23.918 1636983636
15 16.6028 1636983666
21 17.5741 1636983666
37 17.7512 1636983666
49 18.0011 1636983666
112 20.9486 1636983666
129 23.4111 1636983666
132 24.2404 1636983666
142 23.9034 1636983666
15 16.7448 1636983696
21 17.8038 1636983696
37 17.6832 1636983696
49 18.0579 1636983696
112 20.9901 1636983696
129 23.578 1636983696
132 24.2479 1636983696
142 24.1008 1636983696
15 16.9368 1636983726
21 17.648 1636983726
37 17.5587 1636983726
49 18.0429 1636983726
112 20.9522 1636983726
129 23.5828 1636983726
132 24.0786 1636983726
142 23.9598 1636983726
15 16.8687 1636983756
21 17.8519 1636983756
37 17.7736 1636983756
49 18.1296 1636983756
112 20.9182 1636983756
129 23.4852 1636983756
132 24.1212 1636983756
142 23.8529 1636983756
15 17.0339 1636983786
21 17.9757 1636983786
37 17.9775 1636983786
49 17.8875 1636983786
112 21.116 1636983786
129 23.4601 1636983786
132 24.0782 1636983786
142 24.058 1636983786
15 16.8064 1636983816
21 18.1156 1636983816
37 17.8332 1636983816
49 17.806 1636983816
112 20.989 1636983816
129 23.6181 1636983816
132 24.2112 1636983816
142 24.2044 1636983816
15 17.0426 1636983846
21 18.1707 1636983846
37 17.6912 1636983846
49 17.7989 1636983846
112 20.8688 1636983846
129 23.7295 1636983846
132 24.2058 1636983846
142 24.0096 1636983846
15 16.9377 1636983876
21 18.1718 1636983876
37 17.8118 1636983876
49 17.8851 1636983876
112 20.9892 1636983876
129 23.7719 1636983876
132 24.3867 1636983876
142 24.191 1636983876
15 16.9614 1636983906
21 17.9427 1636983906
37 17.697 1636983906
49 17.7056 1636983906
112 21.0026 1636983906
129 23.9542 1636983906
132 24.3502 1636983906
142 24.1142 1636983906
15 16.9482 1636983936
21 17.7997 1636983936
37 17.6192 1636983936
49 17.7987 1636983936
112 21.0366 1636983936
129 23.8109 1636983936
132 24.3768 1636983936
142 24.0407 1636983936
15 17.0204 1636983966
21 17.7827 1636983966
37 17.3841 1636983966
49 17.9044 1636983966
112 21.0842 1636983966
129 23.9888 1636983966
132 24.2914 1636983966
142 24.2873 1636983966
15 17.1813 1636983996
21 17.6615 1636983996
37 17.5537 1636983996
49 17.7467 1636983996
112 21.1354 1636983996
129 23.868 1636983996
132 24.3532 1636983996
142 24.2185 1636983996
15 17.3373 1636984026
21 17.8395 1636984026
37 17.6318 1636984026
49 17.5355 1636984026
112 21.3624 1636984026
129 24.0482 1636984026
132 24.3437 1636984026
142 24.2785 1636984026
15 17.391 1636984056
21 17.9077 1636984056
37 17.3857 1636984056
49 17.5881 1636984056
112 21.3313 1636984056
129 23.8936 1636984056
132 24.367 1636984056
142 24.247 1636984056
15 17.5972 1636984086
21 18.134 1636984086
37 17.3905 1636984086
49 17.7693 1636984086
112 21.0817 1636984086
129 24.1401 1636984086
132 24.5557 1636984086
142 24.0864 1636984086
15 17.7946 1636984116
21 18.2442 1636984116
37 17.3487 1636984116
49 17.65 1636984116
112 20.9358 1636984116
129 23.9353 1636984116
132 24.4689 1636984116
142 24.1599 1636984116
15 17.618 1636984146
21 18.1029 1636984146
37 17.0997 1636984146
49 17.6509 1636984146
112 21.0393 1636984146
129 23.9797 1636984146
132 24.5507 1636984146
142 24.2406 1636984146
15 17.5634 1636984176
21 17.9725 1636984176
37 17.3083 1636984176
49 17.7463 1636984176
112 20.8359 1636984176
129 24.0665 1636984176
132 24.669 1636984176
142 24.1388 1636984176
15 17.5286 1636984206
21 18.0653 1636984206
37 17.4428 1636984206
49 17.7994 1636984206
112 20.8954 1636984206
129 24.1673 1636984206
132 24.5543 1636984206
142 23.9423 1636984206
15 17.3781 1636984236
21 18.2367 1636984236
37 17.6508 1636984236
49 17.5747 1636984236
112 20.7089 1636984236
129 24.1679 1636984236
132 24.4803 1636984236
142 23.8227 1636984236
15 17.3984 1636984266
21 18.0474 1636984266
37 17.8336 1636984266
49 17.6673 1636984266
112 20.6771 1636984266
129 24.3167 1636984266
132 24.3575 1636984266
142 23.6172 1636984266
15 17.4132 1636984296
21 18.1828 1636984296
37 17.9516 1636984296
49 17.7904 1636984296
112 20.5112 1636984296
129 24.2996 1636984296
132 24.1161 1636984296
142 23.474 1636984296
15 17.52 1636984326
21 18.0047 1636984326
37 18.1731 1636984326
49 17.8132 1636984326
112 20.5885 1636984326
129 24.4851 1636984326
132 23.9249 1636984326
142 23.2516 1636984326
15 17.6031 1636984356
21 17.9597 1636984356
37 18.2528 1636984356
49 17.9345 1636984356
112 20.4117 1636984356
129 24.6876 1636984356
132 23.9984 1636984356
142 23.1231 1636984356
15 17.6617 1636984386
21 17.8235 1636984386
37 18.3096 1636984386
49 18.1514 1636984386
112 20.1647 1636984386
129 24.6644 1636984386
132 24.0616 1636984386
142 22.9522 1636984386
15 17.7812 1636984416
21 17.963 1636984416
37 18.2999 1636984416
49 18.0227 1636984416
112 20.3898 1636984416
129 24.8824 1636984416
132 24.0638 1636984416
142 23.008 1636984416
15 17.9689 1636984446
21 18.0836 1636984446
37 18.2813 1636984446
49 17.8912 1636984446
112 20.4885 1636984446
129 24.7527 1636984446
132 24.0115 1636984446
142 22.9812 1636984446
15 17.7715 1636984476
21 17.9453 1636984476
37 18.3567 1636984476
49 17.9793 1636984476
112 20.5221 1636984476
129 24.9357 1636984476
132 23.9355 1636984476
142 23.0637 1636984476
15 17.8056 1636984506
21 17.9121 1636984506
37 18.3117 1636984506
49 17.8845 1636984506
112 20.6068 1636984506
129 24.8381 1636984506
132 24.0658 1636984506
142 23.0903 1636984506
15 17.75 1636984536
21 18.0909 1636984536
37 18.2359 1636984536
49 17.7314 1636984536
112 20.5272 1636984536
129 24.9715 1636984536
132 23.8638 1636984536
142 22.9106 1636984536
15 17.6929 1636984566
21 17.8545 1636984566
37 18.1775 1636984566
49 17.8539 1636984566
112 20.4663 1636984566
129 24.7828 1636984566
132 23.7169 1636984566
142 22.7882 1636984566
15 17.6823 1636984596
21 17.873 1636984596
37 17.9551 1636984596
49 17.6551 1636984596
112 20.445 1636984596
129 24.818 1636984596
132 23.9163 1636984596
142 22.7312 1636984596
15 17.6121 1636984626
21 18.0371 1636984626
37 17.9578 1636984626
49 17.4778 1636984626
112 20.6093 1636984626
129 25.0103 1636984626
132 24.1023 1636984626
142 22.7474 1636984626
15 17.3818 1636984656
21 17.9859 1636984656
37 17.9441 1636984656
49 17.6966 1636984656
112 20.3722 1636984656
129 24.8976 1636984656
132 24.2362 1636984656
142 22.6138 1636984656
15 17.3062 1636984686
21 17.9942 1636984686
37 17.8236 1636984686
49 17.562 1636984686
112 20.549 1636984686
129 25.0539 1636984686
132 24.4362 1636984686
142 22.3694 1636984686
15 17.2198 1636984716
21 17.8677 1636984716
37 18.0016 1636984716
49 17.3679 1636984716
112 20.4806 1636984716
129 24.8612 1636984716
132 24.262 1636984716
142 22.3879 1636984716
15 17.3228 1636984746
21 17.8789 1636984746
37 17.9149 1636984746
49 17.5324 1636984746
112 20.6674 1636984746
129 24.8397 1636984746
132 24.3383 1636984746
142 22.5952 1636984746
15 17.2605 1636984776
21 17.7995 1636984776
37 17.7171 1636984776
49 17.4479 1636984776
112 20.5932 1636984776
129 24.9856 1636984776
132 24.1421 1636984776
142 22.6626 1636984776
15 17.41 1636984806
21 17.8744 1636984806
37 17.5037 1636984806
49 17.2358 1636984806
112 20.6563 1636984806
129 24.833 1636984806
132 23.922 1636984806
142 22.8628 1636984806
15 17.5775 1636984836
21 17.7924 1636984836
37 17.3456 1636984836
49 17.0961 1636984836
112 20.8942 1636984836
129 24.6382 1636984836
132 24.1516 1636984836
142 22.7238 1636984836
15 17.4847 1636984866
21 17.973 1636984866
37 17.5298 1636984866
49 17.0417 1636984866
112 20.9468 1636984866
129 24.5903 1636984866
132 24.2139 1636984866
142 22.6833 1636984866
15 17.2512 1636984896
21 17.9437 1636984896
37 17.6387 1636984896
49 17.218 1636984896
112 20.9009 1636984896
129 24.6497 1636984896
132 24.2583 1636984896
142 22.6371 1636984896
15 17.26 1636984926
21 17.8827 1636984926
37 17.7465 1636984926
49 16.989 1636984926
112 20.7483 1636984926
129 24.4178 1636984926
132 24.433 1636984926
142 22.6189 1636984926
15 17.0316 1636984956
21 17.6688 1636984956
37 17.9094 1636984956
49 16.7968 1636984956
112 20.6257 1636984956
129 24.2203 1636984956
132 24.5603 1636984956
142 22.8419 1636984956
15 17.2304 1636984986
21 17.6748 1636984986
37 18.1013 1636984986
49 16.7298 1636984986
112 20.7453 1636984986
129 24.2478 1636984986
132 24.364 1636984986
142 23.0165 1636984986
15 17.3908 1636985016
21 17.6864 1636985016
37 18.1232 1636985016
49 16.5381 1636985016
112 20.9056 1636985016
129 24.0177 1636985016
132 24.1551 1636985016
142 23.2185 1636985016
15 17.5752 1636985046
21 17.8775 1636985046
37 18.129 1636985046
49 16.7707 1636985046
112 20.6739 1636985046
129 24.0047 1636985046
132 24.0177 1636985046
142 23.1647 1636985046
15 17.6778 1636985076
21 17.8572 1636985076
37 18.0824 1636985076
49 16.5514 1636985076
112 20.6802 1636985076
129 23.9147 1636985076
132 24.0776 1636985076
142 23.0462 1636985076
15 17.6569 1636985106
21 18.0744 1636985106
37 18.0211 1636985106
49 16.5218 1636985106
112 20.9265 1636985106
129 24.1418 1636985106
132 23.977 1636985106
142 23.1094 1636985106
15 17.825 1636985136
21 17.95 1636985136
37 17.7846 1636985136
49 16.4203 1636985136
112 21.0486 1636985136
129 24.3449 1636985136
132 23.7797 1636985136
142 22.9665 1636985136
15 17.6522 1636985166
21 18.1585 1636985166
37 17.6866 1636985166
49 16.4126 1636985166
112 21.0107 1636985166
129 24.1916 1636985166
132 23.7851 1636985166
142 23.1789 1636985166
15 17.5466 1636985196
21 18.1308 1636985196
37 17.8108 1636985196
49 16.396 1636985196
112 21.2352 1636985196
129 24.0437 1636985196
132 23.7053 1636985196
142 23.0026 1636985196
15 17.4668 1636985226
21 18.2443 1636985226
37 18.0097 1636985226
49 16.3414 1636985226
112 21.1113 1636985226
129 24.0807 1636985226
132 23.9399 1636985226
142 22.8373 1636985226
15 17.7048 1636985256
21 18.4437 1636985256
37 18.1151 1636985256
49 16.572 1636985256
112 21.1472 1636985256
129 23.9742 1636985256
132 23.845 1636985256
142 22.8815 1636985256
15 17.9497 1636985286
21 18.3366 1636985286
37 18.1563 1636985286
49 16.4763 1636985286
112 21.1821 1636985286
129 24.1224 1636985286
132 24.013 1636985286
142 22.7989 1636985286
